

1 0.000000e+00 1.500000e+00 -1.245000e-02
2 0.000000e+00 1.875000e-02 -1.245000e-02
3 0.000000e+00 1.500000e+00 4.875500e-01
4 0.000000e+00 1.875000e-02 5.000000e-05
5 0.000000e+00 -1.500000e+00 4.875500e-01
6 0.000000e+00 1.000000e-04 5.000000e-05
7 0.000000e+00 -1.875000e-02 -1.245000e-02
8 0.000000e+00 -1.500000e+00 -1.245000e-02
9 0.000000e+00 -1.875000e-02 5.000000e-05
10 0.000000e+00 -1.000000e-04 5.000000e-05
11 0.000000e+00 -1.000000e-04 0.000000e+00
12 0.000000e+00 1.000000e-04 0.000000e+00
13 5.000000e-02 1.000000e-04 5.000000e-05
14 8.750000e-02 1.875000e-02 5.000000e-05
15 5.000000e-02 -1.000000e-04 5.000000e-05
16 8.750000e-02 -1.875000e-02 5.000000e-05
17 8.750000e-02 1.875000e-02 -1.245000e-02
18 1.000000e+00 1.500000e+00 -1.245000e-02
19 8.750000e-02 -1.875000e-02 -1.245000e-02
20 1.000000e+00 -1.500000e+00 -1.245000e-02
21 1.000000e+00 -1.500000e+00 4.875500e-01
22 1.000000e+00 1.500000e+00 4.875500e-01
23 5.000000e-02 1.000000e-04 0.000000e+00
24 5.000000e-02 -1.000000e-04 0.000000e+00
25 -1.387779e-17 1.000000e-04 5.000000e-05
26 -1.387779e-17 1.000000e-04 0.000000e+00
27 -1.387779e-17 -1.000000e-04 0.000000e+00
28 -1.387779e-17 -1.000000e-04 5.000000e-05
29 0.000000e+00 -8.731250e-01 -3.810000e+00
30 0.000000e+00 -7.937500e-01 -3.810000e+00
31 0.000000e+00 -7.937500e-01 -5.397500e+00
32 0.000000e+00 7.937500e-01 -3.810000e+00
33 0.000000e+00 8.731250e-01 -3.810000e+00
34 0.000000e+00 7.937500e-01 -5.397500e+00
35 0.000000e+00 8.731250e-01 -5.715000e+00
36 0.000000e+00 -8.731250e-01 -5.715000e+00
37 4.480429e-01 7.494030e-01 -3.810000e+00
38 4.404007e-01 7.539194e-01 -5.715000e+00
39 4.404007e-01 7.539194e-01 -3.810000e+00
40 4.327130e-01 7.583579e-01 -5.715000e+00
41 4.327130e-01 7.583579e-01 -3.810000e+00
42 4.249806e-01 7.627180e-01 -5.715000e+00
43 4.249806e-01 7.627180e-01 -3.810000e+00
44 4.172042e-01 7.669993e-01 -5.715000e+00
45 4.172042e-01 7.669993e-01 -3.810000e+00
46 4.093847e-01 7.712013e-01 -5.715000e+00
47 4.093847e-01 7.712013e-01 -3.810000e+00
48 4.015229e-01 7.753236e-01 -5.715000e+00
49 4.015229e-01 7.753236e-01 -3.810000e+00
50 3.936196e-01 7.793657e-01 -5.715000e+00
51 3.936196e-01 7.793657e-01 -3.810000e+00
52 3.856756e-01 7.833272e-01 -5.715000e+00
53 3.856756e-01 7.833272e-01 -3.810000e+00
54 3.776918e-01 7.872078e-01 -5.715000e+00
55 3.776918e-01 7.872078e-01 -3.810000e+00
56 3.696689e-01 7.910070e-01 -5.715000e+00
57 3.696689e-01 7.910070e-01 -3.810000e+00
58 3.616078e-01 7.947245e-01 -5.715000e+00
59 3.616078e-01 7.947245e-01 -3.810000e+00
60 3.535093e-01 7.983599e-01 -5.715000e+00
61 3.535093e-01 7.983599e-01 -3.810000e+00
62 3.453743e-01 8.019127e-01 -5.715000e+00
63 3.453743e-01 8.019127e-01 -3.810000e+00
64 3.372035e-01 8.053825e-01 -5.715000e+00
65 3.372035e-01 8.053825e-01 -3.810000e+00
66 3.289979e-01 8.087692e-01 -5.715000e+00
67 3.289979e-01 8.087692e-01 -3.810000e+00
68 3.207583e-01 8.120723e-01 -5.715000e+00
69 3.207583e-01 8.120723e-01 -3.810000e+00
70 3.124856e-01 8.152913e-01 -5.715000e+00
71 3.124856e-01 8.152913e-01 -3.810000e+00
72 3.041806e-01 8.184262e-01 -5.715000e+00
73 3.041806e-01 8.184262e-01 -3.810000e+00
74 2.958441e-01 8.214765e-01 -5.715000e+00
75 2.958441e-01 8.214765e-01 -3.810000e+00
76 2.874770e-01 8.244418e-01 -5.715000e+00
77 2.874770e-01 8.244418e-01 -3.810000e+00
78 2.790802e-01 8.273219e-01 -5.715000e+00
79 2.790802e-01 8.273219e-01 -3.810000e+00
80 2.706546e-01 8.301165e-01 -5.715000e+00
81 2.706546e-01 8.301165e-01 -3.810000e+00
82 2.622010e-01 8.328252e-01 -5.715000e+00
83 2.622010e-01 8.328252e-01 -3.810000e+00
84 2.537203e-01 8.354480e-01 -5.715000e+00
85 2.537203e-01 8.354480e-01 -3.810000e+00
86 2.452133e-01 8.379843e-01 -5.715000e+00
87 2.452133e-01 8.379843e-01 -3.810000e+00
88 2.366810e-01 8.404340e-01 -5.715000e+00
89 2.366810e-01 8.404340e-01 -3.810000e+00
90 2.281243e-01 8.427969e-01 -5.715000e+00
91 2.281243e-01 8.427969e-01 -3.810000e+00
92 2.195439e-01 8.450726e-01 -5.715000e+00
93 2.195439e-01 8.450726e-01 -3.810000e+00
94 2.109409e-01 8.472610e-01 -5.715000e+00
95 2.109409e-01 8.472610e-01 -3.810000e+00
96 2.023161e-01 8.493618e-01 -5.715000e+00
97 2.023161e-01 8.493618e-01 -3.810000e+00
98 1.936704e-01 8.513748e-01 -5.715000e+00
99 1.936704e-01 8.513748e-01 -3.810000e+00
100 1.850046e-01 8.532998e-01 -5.715000e+00
101 1.850046e-01 8.532998e-01 -3.810000e+00
102 1.763197e-01 8.551366e-01 -5.715000e+00
103 1.763197e-01 8.551366e-01 -3.810000e+00
104 1.676166e-01 8.568850e-01 -5.715000e+00
105 1.676166e-01 8.568850e-01 -3.810000e+00
106 1.588962e-01 8.585448e-01 -5.715000e+00
107 1.588962e-01 8.585448e-01 -3.810000e+00
108 1.501593e-01 8.601159e-01 -5.715000e+00
109 1.501593e-01 8.601159e-01 -3.810000e+00
110 1.414069e-01 8.615981e-01 -5.715000e+00
111 1.414069e-01 8.615981e-01 -3.810000e+00
112 1.326399e-01 8.629913e-01 -5.715000e+00
113 1.326399e-01 8.629913e-01 -3.810000e+00
114 1.238592e-01 8.642952e-01 -5.715000e+00
115 1.238592e-01 8.642952e-01 -3.810000e+00
116 1.150657e-01 8.655097e-01 -5.715000e+00
117 1.150657e-01 8.655097e-01 -3.810000e+00
118 1.062603e-01 8.666349e-01 -5.715000e+00
119 1.062603e-01 8.666349e-01 -3.810000e+00
120 9.744393e-02 8.676704e-01 -5.715000e+00
121 9.744393e-02 8.676704e-01 -3.810000e+00
122 8.861747e-02 8.686163e-01 -5.715000e+00
123 8.861747e-02 8.686163e-01 -3.810000e+00
124 7.978185e-02 8.694723e-01 -5.715000e+00
125 7.978185e-02 8.694723e-01 -3.810000e+00
126 7.093798e-02 8.702385e-01 -5.715000e+00
127 7.093798e-02 8.702385e-01 -3.810000e+00
128 6.208679e-02 8.709148e-01 -5.715000e+00
129 6.208679e-02 8.709148e-01 -3.810000e+00
130 5.322917e-02 8.715010e-01 -5.715000e+00
131 5.322917e-02 8.715010e-01 -3.810000e+00
132 4.436605e-02 8.719971e-01 -5.715000e+00
133 4.436605e-02 8.719971e-01 -3.810000e+00
134 3.549834e-02 8.724031e-01 -5.715000e+00
135 3.549834e-02 8.724031e-01 -3.810000e+00
136 2.662697e-02 8.727189e-01 -5.715000e+00
137 2.662697e-02 8.727189e-01 -3.810000e+00
138 1.775284e-02 8.729445e-01 -5.715000e+00
139 1.775284e-02 8.729445e-01 -3.810000e+00
140 8.876880e-03 8.730799e-01 -5.715000e+00
141 8.876880e-03 8.730799e-01 -3.810000e+00
142 2.673174e-16 8.731250e-01 -5.715000e+00
143 2.673174e-16 8.731250e-01 -3.810000e+00
144 8.416263e-01 -2.324057e-01 -3.810000e+00
145 8.439456e-01 -2.238370e-01 -5.715000e+00
146 8.439456e-01 -2.238370e-01 -3.810000e+00
147 8.461778e-01 -2.152452e-01 -5.715000e+00
148 8.461778e-01 -2.152452e-01 -3.810000e+00
149 8.483223e-01 -2.066312e-01 -5.715000e+00
150 8.483223e-01 -2.066312e-01 -3.810000e+00
151 8.503793e-01 -1.979958e-01 -5.715000e+00
152 8.503793e-01 -1.979958e-01 -3.810000e+00
153 8.523483e-01 -1.893399e-01 -5.715000e+00
154 8.523483e-01 -1.893399e-01 -3.810000e+00
155 8.542293e-01 -1.806645e-01 -5.715000e+00
156 8.542293e-01 -1.806645e-01 -3.810000e+00
157 8.560219e-01 -1.719704e-01 -5.715000e+00
158 8.560219e-01 -1.719704e-01 -3.810000e+00
159 8.577260e-01 -1.632585e-01 -5.715000e+00
160 8.577260e-01 -1.632585e-01 -3.810000e+00
161 8.593415e-01 -1.545298e-01 -5.715000e+00
162 8.593415e-01 -1.545298e-01 -3.810000e+00
163 8.608682e-01 -1.457850e-01 -5.715000e+00
164 8.608682e-01 -1.457850e-01 -3.810000e+00
165 8.623058e-01 -1.370252e-01 -5.715000e+00
166 8.623058e-01 -1.370252e-01 -3.810000e+00
167 8.636544e-01 -1.282512e-01 -5.715000e+00
168 8.636544e-01 -1.282512e-01 -3.810000e+00
169 8.649136e-01 -1.194640e-01 -5.715000e+00
170 8.649136e-01 -1.194640e-01 -3.810000e+00
171 8.660835e-01 -1.106644e-01 -5.715000e+00
172 8.660835e-01 -1.106644e-01 -3.810000e+00
173 8.671638e-01 -1.018534e-01 -5.715000e+00
174 8.671638e-01 -1.018534e-01 -3.810000e+00
175 8.681545e-01 -9.303191e-02 -5.715000e+00
176 8.681545e-01 -9.303191e-02 -3.810000e+00
177 8.690555e-01 -8.420075e-02 -5.715000e+00
178 8.690555e-01 -8.420075e-02 -3.810000e+00
179 8.698667e-01 -7.536089e-02 -5.715000e+00
180 8.698667e-01 -7.536089e-02 -3.810000e+00
181 8.705879e-01 -6.651325e-02 -5.715000e+00
182 8.705879e-01 -6.651325e-02 -3.810000e+00
183 8.712191e-01 -5.765872e-02 -5.715000e+00
184 8.712191e-01 -5.765872e-02 -3.810000e+00
185 8.717603e-01 -4.879824e-02 -5.715000e+00
186 8.717603e-01 -4.879824e-02 -3.810000e+00
187 8.722113e-01 -3.993271e-02 -5.715000e+00
188 8.722113e-01 -3.993271e-02 -3.810000e+00
189 8.725722e-01 -3.106306e-02 -5.715000e+00
190 8.725722e-01 -3.106306e-02 -3.810000e+00
191 8.728430e-01 -2.219019e-02 -5.715000e+00
192 8.728430e-01 -2.219019e-02 -3.810000e+00
193 8.730235e-01 -1.331503e-02 -5.715000e+00
194 8.730235e-01 -1.331503e-02 -3.810000e+00
195 8.731137e-01 -4.438497e-03 -5.715000e+00
196 8.731137e-01 -4.438497e-03 -3.810000e+00
197 8.731137e-01 4.438497e-03 -5.715000e+00
198 8.731137e-01 4.438497e-03 -3.810000e+00
199 8.730235e-01 1.331503e-02 -5.715000e+00
200 8.730235e-01 1.331503e-02 -3.810000e+00
201 8.728430e-01 2.219019e-02 -5.715000e+00
202 8.728430e-01 2.219019e-02 -3.810000e+00
203 8.725722e-01 3.106306e-02 -5.715000e+00
204 8.725722e-01 3.106306e-02 -3.810000e+00
205 8.722113e-01 3.993271e-02 -5.715000e+00
206 8.722113e-01 3.993271e-02 -3.810000e+00
207 8.717603e-01 4.879824e-02 -5.715000e+00
208 8.717603e-01 4.879824e-02 -3.810000e+00
209 8.712191e-01 5.765872e-02 -5.715000e+00
210 8.712191e-01 5.765872e-02 -3.810000e+00
211 8.705879e-01 6.651325e-02 -5.715000e+00
212 8.705879e-01 6.651325e-02 -3.810000e+00
213 8.698667e-01 7.536089e-02 -5.715000e+00
214 8.698667e-01 7.536089e-02 -3.810000e+00
215 8.690555e-01 8.420075e-02 -5.715000e+00
216 8.690555e-01 8.420075e-02 -3.810000e+00
217 8.681545e-01 9.303191e-02 -5.715000e+00
218 8.681545e-01 9.303191e-02 -3.810000e+00
219 8.671638e-01 1.018534e-01 -5.715000e+00
220 8.671638e-01 1.018534e-01 -3.810000e+00
221 8.660835e-01 1.106644e-01 -5.715000e+00
222 8.660835e-01 1.106644e-01 -3.810000e+00
223 8.649136e-01 1.194640e-01 -5.715000e+00
224 8.649136e-01 1.194640e-01 -3.810000e+00
225 8.636544e-01 1.282512e-01 -5.715000e+00
226 8.636544e-01 1.282512e-01 -3.810000e+00
227 8.623058e-01 1.370252e-01 -5.715000e+00
228 8.623058e-01 1.370252e-01 -3.810000e+00
229 8.608682e-01 1.457850e-01 -5.715000e+00
230 8.608682e-01 1.457850e-01 -3.810000e+00
231 8.593415e-01 1.545298e-01 -5.715000e+00
232 8.593415e-01 1.545298e-01 -3.810000e+00
233 8.577260e-01 1.632585e-01 -5.715000e+00
234 8.577260e-01 1.632585e-01 -3.810000e+00
235 8.560219e-01 1.719704e-01 -5.715000e+00
236 8.560219e-01 1.719704e-01 -3.810000e+00
237 8.542293e-01 1.806645e-01 -5.715000e+00
238 8.542293e-01 1.806645e-01 -3.810000e+00
239 8.523483e-01 1.893399e-01 -5.715000e+00
240 8.523483e-01 1.893399e-01 -3.810000e+00
241 8.503793e-01 1.979958e-01 -5.715000e+00
242 8.503793e-01 1.979958e-01 -3.810000e+00
243 8.483223e-01 2.066312e-01 -5.715000e+00
244 8.483223e-01 2.066312e-01 -3.810000e+00
245 8.461778e-01 2.152452e-01 -5.715000e+00
246 8.461778e-01 2.152452e-01 -3.810000e+00
247 8.439456e-01 2.238370e-01 -5.715000e+00
248 8.439456e-01 2.238370e-01 -3.810000e+00
249 8.416263e-01 2.324057e-01 -5.715000e+00
250 8.416263e-01 2.324057e-01 -3.810000e+00
251 8.392200e-01 2.409503e-01 -5.715000e+00
252 8.392200e-01 2.409503e-01 -3.810000e+00
253 8.367270e-01 2.494700e-01 -5.715000e+00
254 8.367270e-01 2.494700e-01 -3.810000e+00
255 8.341474e-01 2.579640e-01 -5.715000e+00
256 8.341474e-01 2.579640e-01 -3.810000e+00
257 8.314816e-01 2.664312e-01 -5.715000e+00
258 8.314816e-01 2.664312e-01 -3.810000e+00
259 8.287299e-01 2.748710e-01 -5.715000e+00
260 8.287299e-01 2.748710e-01 -3.810000e+00
261 8.258925e-01 2.832823e-01 -5.715000e+00
262 8.258925e-01 2.832823e-01 -3.810000e+00
263 8.229697e-01 2.916643e-01 -5.715000e+00
264 8.229697e-01 2.916643e-01 -3.810000e+00
265 8.199619e-01 3.000162e-01 -5.715000e+00
266 8.199619e-01 3.000162e-01 -3.810000e+00
267 8.168693e-01 3.083371e-01 -5.715000e+00
268 8.168693e-01 3.083371e-01 -3.810000e+00
269 8.136923e-01 3.166261e-01 -5.715000e+00
270 8.136923e-01 3.166261e-01 -3.810000e+00
271 8.104312e-01 3.248824e-01 -5.715000e+00
272 8.104312e-01 3.248824e-01 -3.810000e+00
273 8.070863e-01 3.331050e-01 -5.715000e+00
274 8.070863e-01 3.331050e-01 -3.810000e+00
275 8.036580e-01 3.412933e-01 -5.715000e+00
276 8.036580e-01 3.412933e-01 -3.810000e+00
277 8.001466e-01 3.494463e-01 -5.715000e+00
278 8.001466e-01 3.494463e-01 -3.810000e+00
279 7.965525e-01 3.575631e-01 -5.715000e+00
280 7.965525e-01 3.575631e-01 -3.810000e+00
281 7.928761e-01 3.656431e-01 -5.715000e+00
282 7.928761e-01 3.656431e-01 -3.810000e+00
283 7.891176e-01 3.736852e-01 -5.715000e+00
284 7.891176e-01 3.736852e-01 -3.810000e+00
285 7.852777e-01 3.816887e-01 -5.715000e+00
286 7.852777e-01 3.816887e-01 -3.810000e+00
287 7.813566e-01 3.896527e-01 -5.715000e+00
288 7.813566e-01 3.896527e-01 -3.810000e+00
289 7.773547e-01 3.975764e-01 -5.715000e+00
290 7.773547e-01 3.975764e-01 -3.810000e+00
291 7.732724e-01 4.054591e-01 -5.715000e+00
292 7.732724e-01 4.054591e-01 -3.810000e+00
293 7.691102e-01 4.132998e-01 -5.715000e+00
294 7.691102e-01 4.132998e-01 -3.810000e+00
295 7.648686e-01 4.210978e-01 -5.715000e+00
296 7.648686e-01 4.210978e-01 -3.810000e+00
297 7.605478e-01 4.288523e-01 -5.715000e+00
298 7.605478e-01 4.288523e-01 -3.810000e+00
299 7.561485e-01 4.365625e-01 -5.715000e+00
300 7.561485e-01 4.365625e-01 -3.810000e+00
301 7.516709e-01 4.442275e-01 -5.715000e+00
302 7.516709e-01 4.442275e-01 -3.810000e+00
303 7.471157e-01 4.518467e-01 -5.715000e+00
304 7.471157e-01 4.518467e-01 -3.810000e+00
305 7.424833e-01 4.594191e-01 -5.715000e+00
306 7.424833e-01 4.594191e-01 -3.810000e+00
307 7.377741e-01 4.669440e-01 -5.715000e+00
308 7.377741e-01 4.669440e-01 -3.810000e+00
309 7.329886e-01 4.744207e-01 -5.715000e+00
310 7.329886e-01 4.744207e-01 -3.810000e+00
311 7.281274e-01 4.818483e-01 -5.715000e+00
312 7.281274e-01 4.818483e-01 -3.810000e+00
313 7.231909e-01 4.892261e-01 -5.715000e+00
314 7.231909e-01 4.892261e-01 -3.810000e+00
315 7.181796e-01 4.965534e-01 -5.715000e+00
316 7.181796e-01 4.965534e-01 -3.810000e+00
317 7.130942e-01 5.038293e-01 -5.715000e+00
318 7.130942e-01 5.038293e-01 -3.810000e+00
319 7.079350e-01 5.110531e-01 -5.715000e+00
320 7.079350e-01 5.110531e-01 -3.810000e+00
321 7.027026e-01 5.182241e-01 -5.715000e+00
322 7.027026e-01 5.182241e-01 -3.810000e+00
323 6.973976e-01 5.253416e-01 -5.715000e+00
324 6.973976e-01 5.253416e-01 -3.810000e+00
325 6.920206e-01 5.324047e-01 -5.715000e+00
326 6.920206e-01 5.324047e-01 -3.810000e+00
327 6.865720e-01 5.394129e-01 -5.715000e+00
328 6.865720e-01 5.394129e-01 -3.810000e+00
329 6.810524e-01 5.463652e-01 -5.715000e+00
330 6.810524e-01 5.463652e-01 -3.810000e+00
331 6.754624e-01 5.532610e-01 -5.715000e+00
332 6.754624e-01 5.532610e-01 -3.810000e+00
333 6.698026e-01 5.600998e-01 -5.715000e+00
334 6.698026e-01 5.600998e-01 -3.810000e+00
335 6.640736e-01 5.668806e-01 -5.715000e+00
336 6.640736e-01 5.668806e-01 -3.810000e+00
337 6.582759e-01 5.736027e-01 -5.715000e+00
338 6.582759e-01 5.736027e-01 -3.810000e+00
339 6.524101e-01 5.802656e-01 -5.715000e+00
340 6.524101e-01 5.802656e-01 -3.810000e+00
341 6.464770e-01 5.868686e-01 -5.715000e+00
342 6.464770e-01 5.868686e-01 -3.810000e+00
343 6.404770e-01 5.934108e-01 -5.715000e+00
344 6.404770e-01 5.934108e-01 -3.810000e+00
345 6.344109e-01 5.998918e-01 -5.715000e+00
346 6.344109e-01 5.998918e-01 -3.810000e+00
347 6.282791e-01 6.063107e-01 -5.715000e+00
348 6.282791e-01 6.063107e-01 -3.810000e+00
349 6.220824e-01 6.126670e-01 -5.715000e+00
350 6.220824e-01 6.126670e-01 -3.810000e+00
351 6.158214e-01 6.189598e-01 -5.715000e+00
352 6.158214e-01 6.189598e-01 -3.810000e+00
353 6.094967e-01 6.251888e-01 -5.715000e+00
354 6.094967e-01 6.251888e-01 -3.810000e+00
355 6.031091e-01 6.313531e-01 -5.715000e+00
356 6.031091e-01 6.313531e-01 -3.810000e+00
357 5.966590e-01 6.374522e-01 -5.715000e+00
358 5.966590e-01 6.374522e-01 -3.810000e+00
359 5.901474e-01 6.434853e-01 -5.715000e+00
360 5.901474e-01 6.434853e-01 -3.810000e+00
361 5.835747e-01 6.494520e-01 -5.715000e+00
362 5.835747e-01 6.494520e-01 -3.810000e+00
363 5.769417e-01 6.553515e-01 -5.715000e+00
364 5.769417e-01 6.553515e-01 -3.810000e+00
365 5.702490e-01 6.611833e-01 -5.715000e+00
366 5.702490e-01 6.611833e-01 -3.810000e+00
367 5.634974e-01 6.669467e-01 -5.715000e+00
368 5.634974e-01 6.669467e-01 -3.810000e+00
369 5.566876e-01 6.726412e-01 -5.715000e+00
370 5.566876e-01 6.726412e-01 -3.810000e+00
371 5.498202e-01 6.782662e-01 -5.715000e+00
372 5.498202e-01 6.782662e-01 -3.810000e+00
373 5.428960e-01 6.838210e-01 -5.715000e+00
374 5.428960e-01 6.838210e-01 -3.810000e+00
375 5.359157e-01 6.893052e-01 -5.715000e+00
376 5.359157e-01 6.893052e-01 -3.810000e+00
377 5.288800e-01 6.947181e-01 -5.715000e+00
378 5.288800e-01 6.947181e-01 -3.810000e+00
379 5.217896e-01 7.000592e-01 -5.715000e+00
380 5.217896e-01 7.000592e-01 -3.810000e+00
381 5.146453e-01 7.053279e-01 -5.715000e+00
382 5.146453e-01 7.053279e-01 -3.810000e+00
383 5.074478e-01 7.105238e-01 -5.715000e+00
384 5.074478e-01 7.105238e-01 -3.810000e+00
385 5.001978e-01 7.156461e-01 -5.715000e+00
386 5.001978e-01 7.156461e-01 -3.810000e+00
387 4.928961e-01 7.206946e-01 -5.715000e+00
388 4.928961e-01 7.206946e-01 -3.810000e+00
389 4.855435e-01 7.256685e-01 -5.715000e+00
390 4.855435e-01 7.256685e-01 -3.810000e+00
391 4.781407e-01 7.305675e-01 -5.715000e+00
392 4.781407e-01 7.305675e-01 -3.810000e+00
393 4.706884e-01 7.353908e-01 -5.715000e+00
394 4.706884e-01 7.353908e-01 -3.810000e+00
395 4.631875e-01 7.401382e-01 -5.715000e+00
396 4.631875e-01 7.401382e-01 -3.810000e+00
397 4.556388e-01 7.448091e-01 -5.715000e+00
398 4.556388e-01 7.448091e-01 -3.810000e+00
399 4.480429e-01 7.494030e-01 -5.715000e+00
400 -1.603905e-16 -8.731250e-01 -3.810000e+00
401 -1.603905e-16 -8.731250e-01 -5.715000e+00
402 8.876880e-03 -8.730799e-01 -5.715000e+00
403 8.416263e-01 -2.324057e-01 -5.715000e+00
404 8.392200e-01 -2.409503e-01 -3.810000e+00
405 8.392200e-01 -2.409503e-01 -5.715000e+00
406 8.367270e-01 -2.494700e-01 -3.810000e+00
407 8.367270e-01 -2.494700e-01 -5.715000e+00
408 8.341474e-01 -2.579640e-01 -3.810000e+00
409 8.341474e-01 -2.579640e-01 -5.715000e+00
410 8.314816e-01 -2.664312e-01 -3.810000e+00
411 8.314816e-01 -2.664312e-01 -5.715000e+00
412 8.287299e-01 -2.748710e-01 -3.810000e+00
413 8.287299e-01 -2.748710e-01 -5.715000e+00
414 8.258925e-01 -2.832823e-01 -3.810000e+00
415 8.258925e-01 -2.832823e-01 -5.715000e+00
416 8.229697e-01 -2.916643e-01 -3.810000e+00
417 8.229697e-01 -2.916643e-01 -5.715000e+00
418 8.199619e-01 -3.000162e-01 -3.810000e+00
419 8.199619e-01 -3.000162e-01 -5.715000e+00
420 8.168693e-01 -3.083371e-01 -3.810000e+00
421 8.168693e-01 -3.083371e-01 -5.715000e+00
422 8.136923e-01 -3.166261e-01 -3.810000e+00
423 8.136923e-01 -3.166261e-01 -5.715000e+00
424 8.104312e-01 -3.248824e-01 -3.810000e+00
425 8.104312e-01 -3.248824e-01 -5.715000e+00
426 8.070863e-01 -3.331050e-01 -3.810000e+00
427 8.070863e-01 -3.331050e-01 -5.715000e+00
428 8.036580e-01 -3.412933e-01 -3.810000e+00
429 8.036580e-01 -3.412933e-01 -5.715000e+00
430 8.001466e-01 -3.494463e-01 -3.810000e+00
431 8.001466e-01 -3.494463e-01 -5.715000e+00
432 7.965525e-01 -3.575631e-01 -3.810000e+00
433 7.965525e-01 -3.575631e-01 -5.715000e+00
434 7.928761e-01 -3.656431e-01 -3.810000e+00
435 7.928761e-01 -3.656431e-01 -5.715000e+00
436 7.891176e-01 -3.736852e-01 -3.810000e+00
437 7.891176e-01 -3.736852e-01 -5.715000e+00
438 7.852777e-01 -3.816887e-01 -3.810000e+00
439 7.852777e-01 -3.816887e-01 -5.715000e+00
440 7.813566e-01 -3.896527e-01 -3.810000e+00
441 7.813566e-01 -3.896527e-01 -5.715000e+00
442 7.773547e-01 -3.975764e-01 -3.810000e+00
443 7.773547e-01 -3.975764e-01 -5.715000e+00
444 7.732724e-01 -4.054591e-01 -3.810000e+00
445 7.732724e-01 -4.054591e-01 -5.715000e+00
446 7.691102e-01 -4.132998e-01 -3.810000e+00
447 7.691102e-01 -4.132998e-01 -5.715000e+00
448 7.648686e-01 -4.210978e-01 -3.810000e+00
449 7.648686e-01 -4.210978e-01 -5.715000e+00
450 7.605478e-01 -4.288523e-01 -3.810000e+00
451 7.605478e-01 -4.288523e-01 -5.715000e+00
452 7.561485e-01 -4.365625e-01 -3.810000e+00
453 7.561485e-01 -4.365625e-01 -5.715000e+00
454 7.516709e-01 -4.442275e-01 -3.810000e+00
455 7.516709e-01 -4.442275e-01 -5.715000e+00
456 7.471157e-01 -4.518467e-01 -3.810000e+00
457 7.471157e-01 -4.518467e-01 -5.715000e+00
458 7.424833e-01 -4.594191e-01 -3.810000e+00
459 7.424833e-01 -4.594191e-01 -5.715000e+00
460 7.377741e-01 -4.669440e-01 -3.810000e+00
461 7.377741e-01 -4.669440e-01 -5.715000e+00
462 7.329886e-01 -4.744207e-01 -3.810000e+00
463 7.329886e-01 -4.744207e-01 -5.715000e+00
464 7.281274e-01 -4.818483e-01 -3.810000e+00
465 7.281274e-01 -4.818483e-01 -5.715000e+00
466 7.231909e-01 -4.892261e-01 -3.810000e+00
467 7.231909e-01 -4.892261e-01 -5.715000e+00
468 7.181796e-01 -4.965534e-01 -3.810000e+00
469 7.181796e-01 -4.965534e-01 -5.715000e+00
470 7.130942e-01 -5.038293e-01 -3.810000e+00
471 7.130942e-01 -5.038293e-01 -5.715000e+00
472 7.079350e-01 -5.110531e-01 -3.810000e+00
473 7.079350e-01 -5.110531e-01 -5.715000e+00
474 7.027026e-01 -5.182241e-01 -3.810000e+00
475 7.027026e-01 -5.182241e-01 -5.715000e+00
476 6.973976e-01 -5.253416e-01 -3.810000e+00
477 6.973976e-01 -5.253416e-01 -5.715000e+00
478 6.920206e-01 -5.324047e-01 -3.810000e+00
479 6.920206e-01 -5.324047e-01 -5.715000e+00
480 6.865720e-01 -5.394129e-01 -3.810000e+00
481 6.865720e-01 -5.394129e-01 -5.715000e+00
482 6.810524e-01 -5.463652e-01 -3.810000e+00
483 6.810524e-01 -5.463652e-01 -5.715000e+00
484 6.754624e-01 -5.532610e-01 -3.810000e+00
485 6.754624e-01 -5.532610e-01 -5.715000e+00
486 6.698026e-01 -5.600998e-01 -3.810000e+00
487 6.698026e-01 -5.600998e-01 -5.715000e+00
488 6.640736e-01 -5.668806e-01 -3.810000e+00
489 6.640736e-01 -5.668806e-01 -5.715000e+00
490 6.582759e-01 -5.736027e-01 -3.810000e+00
491 6.582759e-01 -5.736027e-01 -5.715000e+00
492 6.524101e-01 -5.802656e-01 -3.810000e+00
493 6.524101e-01 -5.802656e-01 -5.715000e+00
494 6.464770e-01 -5.868686e-01 -3.810000e+00
495 6.464770e-01 -5.868686e-01 -5.715000e+00
496 6.404770e-01 -5.934108e-01 -3.810000e+00
497 6.404770e-01 -5.934108e-01 -5.715000e+00
498 6.344109e-01 -5.998918e-01 -3.810000e+00
499 6.344109e-01 -5.998918e-01 -5.715000e+00
500 6.282791e-01 -6.063107e-01 -3.810000e+00
501 6.282791e-01 -6.063107e-01 -5.715000e+00
502 6.220824e-01 -6.126670e-01 -3.810000e+00
503 6.220824e-01 -6.126670e-01 -5.715000e+00
504 6.158214e-01 -6.189598e-01 -3.810000e+00
505 6.158214e-01 -6.189598e-01 -5.715000e+00
506 6.094967e-01 -6.251888e-01 -3.810000e+00
507 6.094967e-01 -6.251888e-01 -5.715000e+00
508 6.031091e-01 -6.313531e-01 -3.810000e+00
509 6.031091e-01 -6.313531e-01 -5.715000e+00
510 5.966590e-01 -6.374522e-01 -3.810000e+00
511 5.966590e-01 -6.374522e-01 -5.715000e+00
512 5.901474e-01 -6.434853e-01 -3.810000e+00
513 5.901474e-01 -6.434853e-01 -5.715000e+00
514 5.835747e-01 -6.494520e-01 -3.810000e+00
515 5.835747e-01 -6.494520e-01 -5.715000e+00
516 5.769417e-01 -6.553515e-01 -3.810000e+00
517 5.769417e-01 -6.553515e-01 -5.715000e+00
518 5.702490e-01 -6.611833e-01 -3.810000e+00
519 5.702490e-01 -6.611833e-01 -5.715000e+00
520 5.634974e-01 -6.669467e-01 -3.810000e+00
521 5.634974e-01 -6.669467e-01 -5.715000e+00
522 5.566876e-01 -6.726412e-01 -3.810000e+00
523 5.566876e-01 -6.726412e-01 -5.715000e+00
524 5.498202e-01 -6.782662e-01 -3.810000e+00
525 5.498202e-01 -6.782662e-01 -5.715000e+00
526 5.428960e-01 -6.838210e-01 -3.810000e+00
527 5.428960e-01 -6.838210e-01 -5.715000e+00
528 5.359157e-01 -6.893052e-01 -3.810000e+00
529 5.359157e-01 -6.893052e-01 -5.715000e+00
530 5.288800e-01 -6.947181e-01 -3.810000e+00
531 5.288800e-01 -6.947181e-01 -5.715000e+00
532 5.217896e-01 -7.000592e-01 -3.810000e+00
533 5.217896e-01 -7.000592e-01 -5.715000e+00
534 5.146453e-01 -7.053279e-01 -3.810000e+00
535 5.146453e-01 -7.053279e-01 -5.715000e+00
536 5.074478e-01 -7.105238e-01 -3.810000e+00
537 5.074478e-01 -7.105238e-01 -5.715000e+00
538 5.001978e-01 -7.156461e-01 -3.810000e+00
539 5.001978e-01 -7.156461e-01 -5.715000e+00
540 4.928961e-01 -7.206946e-01 -3.810000e+00
541 4.928961e-01 -7.206946e-01 -5.715000e+00
542 4.855435e-01 -7.256685e-01 -3.810000e+00
543 4.855435e-01 -7.256685e-01 -5.715000e+00
544 4.781407e-01 -7.305675e-01 -3.810000e+00
545 4.781407e-01 -7.305675e-01 -5.715000e+00
546 4.706884e-01 -7.353908e-01 -3.810000e+00
547 4.706884e-01 -7.353908e-01 -5.715000e+00
548 4.631875e-01 -7.401382e-01 -3.810000e+00
549 4.631875e-01 -7.401382e-01 -5.715000e+00
550 4.556388e-01 -7.448091e-01 -3.810000e+00
551 4.556388e-01 -7.448091e-01 -5.715000e+00
552 4.480429e-01 -7.494030e-01 -3.810000e+00
553 4.480429e-01 -7.494030e-01 -5.715000e+00
554 4.404007e-01 -7.539194e-01 -3.810000e+00
555 4.404007e-01 -7.539194e-01 -5.715000e+00
556 4.327130e-01 -7.583579e-01 -3.810000e+00
557 4.327130e-01 -7.583579e-01 -5.715000e+00
558 4.249806e-01 -7.627180e-01 -3.810000e+00
559 4.249806e-01 -7.627180e-01 -5.715000e+00
560 4.172042e-01 -7.669993e-01 -3.810000e+00
561 4.172042e-01 -7.669993e-01 -5.715000e+00
562 4.093847e-01 -7.712013e-01 -3.810000e+00
563 4.093847e-01 -7.712013e-01 -5.715000e+00
564 4.015229e-01 -7.753236e-01 -3.810000e+00
565 4.015229e-01 -7.753236e-01 -5.715000e+00
566 3.936196e-01 -7.793657e-01 -3.810000e+00
567 3.936196e-01 -7.793657e-01 -5.715000e+00
568 3.856756e-01 -7.833272e-01 -3.810000e+00
569 3.856756e-01 -7.833272e-01 -5.715000e+00
570 3.776918e-01 -7.872078e-01 -3.810000e+00
571 3.776918e-01 -7.872078e-01 -5.715000e+00
572 3.696689e-01 -7.910070e-01 -3.810000e+00
573 3.696689e-01 -7.910070e-01 -5.715000e+00
574 3.616078e-01 -7.947245e-01 -3.810000e+00
575 3.616078e-01 -7.947245e-01 -5.715000e+00
576 3.535093e-01 -7.983599e-01 -3.810000e+00
577 3.535093e-01 -7.983599e-01 -5.715000e+00
578 3.453743e-01 -8.019127e-01 -3.810000e+00
579 3.453743e-01 -8.019127e-01 -5.715000e+00
580 3.372035e-01 -8.053825e-01 -3.810000e+00
581 3.372035e-01 -8.053825e-01 -5.715000e+00
582 3.289979e-01 -8.087692e-01 -3.810000e+00
583 3.289979e-01 -8.087692e-01 -5.715000e+00
584 3.207583e-01 -8.120723e-01 -3.810000e+00
585 3.207583e-01 -8.120723e-01 -5.715000e+00
586 3.124856e-01 -8.152913e-01 -3.810000e+00
587 3.124856e-01 -8.152913e-01 -5.715000e+00
588 3.041806e-01 -8.184262e-01 -3.810000e+00
589 3.041806e-01 -8.184262e-01 -5.715000e+00
590 2.958441e-01 -8.214765e-01 -3.810000e+00
591 2.958441e-01 -8.214765e-01 -5.715000e+00
592 2.874770e-01 -8.244418e-01 -3.810000e+00
593 2.874770e-01 -8.244418e-01 -5.715000e+00
594 2.790802e-01 -8.273219e-01 -3.810000e+00
595 2.790802e-01 -8.273219e-01 -5.715000e+00
596 2.706546e-01 -8.301165e-01 -3.810000e+00
597 2.706546e-01 -8.301165e-01 -5.715000e+00
598 2.622010e-01 -8.328252e-01 -3.810000e+00
599 2.622010e-01 -8.328252e-01 -5.715000e+00
600 2.537203e-01 -8.354480e-01 -3.810000e+00
601 2.537203e-01 -8.354480e-01 -5.715000e+00
602 2.452133e-01 -8.379843e-01 -3.810000e+00
603 2.452133e-01 -8.379843e-01 -5.715000e+00
604 2.366810e-01 -8.404340e-01 -3.810000e+00
605 2.366810e-01 -8.404340e-01 -5.715000e+00
606 2.281243e-01 -8.427969e-01 -3.810000e+00
607 2.281243e-01 -8.427969e-01 -5.715000e+00
608 2.195439e-01 -8.450726e-01 -3.810000e+00
609 2.195439e-01 -8.450726e-01 -5.715000e+00
610 2.109409e-01 -8.472610e-01 -3.810000e+00
611 2.109409e-01 -8.472610e-01 -5.715000e+00
612 2.023161e-01 -8.493618e-01 -3.810000e+00
613 2.023161e-01 -8.493618e-01 -5.715000e+00
614 1.936704e-01 -8.513748e-01 -3.810000e+00
615 1.936704e-01 -8.513748e-01 -5.715000e+00
616 1.850046e-01 -8.532998e-01 -3.810000e+00
617 1.850046e-01 -8.532998e-01 -5.715000e+00
618 1.763197e-01 -8.551366e-01 -3.810000e+00
619 1.763197e-01 -8.551366e-01 -5.715000e+00
620 1.676166e-01 -8.568850e-01 -3.810000e+00
621 1.676166e-01 -8.568850e-01 -5.715000e+00
622 1.588962e-01 -8.585448e-01 -3.810000e+00
623 1.588962e-01 -8.585448e-01 -5.715000e+00
624 1.501593e-01 -8.601159e-01 -3.810000e+00
625 1.501593e-01 -8.601159e-01 -5.715000e+00
626 1.414069e-01 -8.615981e-01 -3.810000e+00
627 1.414069e-01 -8.615981e-01 -5.715000e+00
628 1.326399e-01 -8.629913e-01 -3.810000e+00
629 1.326399e-01 -8.629913e-01 -5.715000e+00
630 1.238592e-01 -8.642952e-01 -3.810000e+00
631 1.238592e-01 -8.642952e-01 -5.715000e+00
632 1.150657e-01 -8.655097e-01 -3.810000e+00
633 1.150657e-01 -8.655097e-01 -5.715000e+00
634 1.062603e-01 -8.666349e-01 -3.810000e+00
635 1.062603e-01 -8.666349e-01 -5.715000e+00
636 9.744393e-02 -8.676704e-01 -3.810000e+00
637 9.744393e-02 -8.676704e-01 -5.715000e+00
638 8.861747e-02 -8.686163e-01 -3.810000e+00
639 8.861747e-02 -8.686163e-01 -5.715000e+00
640 7.978185e-02 -8.694723e-01 -3.810000e+00
641 7.978185e-02 -8.694723e-01 -5.715000e+00
642 7.093798e-02 -8.702385e-01 -3.810000e+00
643 7.093798e-02 -8.702385e-01 -5.715000e+00
644 6.208679e-02 -8.709148e-01 -3.810000e+00
645 6.208679e-02 -8.709148e-01 -5.715000e+00
646 5.322917e-02 -8.715010e-01 -3.810000e+00
647 5.322917e-02 -8.715010e-01 -5.715000e+00
648 4.436605e-02 -8.719971e-01 -3.810000e+00
649 4.436605e-02 -8.719971e-01 -5.715000e+00
650 3.549834e-02 -8.724031e-01 -3.810000e+00
651 3.549834e-02 -8.724031e-01 -5.715000e+00
652 2.662697e-02 -8.727189e-01 -3.810000e+00
653 2.662697e-02 -8.727189e-01 -5.715000e+00
654 1.775284e-02 -8.729445e-01 -3.810000e+00
655 1.775284e-02 -8.729445e-01 -5.715000e+00
656 8.876880e-03 -8.730799e-01 -3.810000e+00
657 -1.458095e-16 -7.937500e-01 -3.810000e+00
658 8.069891e-03 -7.937090e-01 -3.810000e+00
659 1.613895e-02 -7.935859e-01 -3.810000e+00
660 2.420633e-02 -7.933808e-01 -3.810000e+00
661 3.227122e-02 -7.930937e-01 -3.810000e+00
662 4.033277e-02 -7.927246e-01 -3.810000e+00
663 4.839015e-02 -7.922736e-01 -3.810000e+00
664 5.644253e-02 -7.917407e-01 -3.810000e+00
665 3.578360e-01 7.085143e-01 -3.810000e+00
666 3.506142e-01 7.121156e-01 -3.810000e+00
667 3.433562e-01 7.156435e-01 -3.810000e+00
668 3.360626e-01 7.190973e-01 -3.810000e+00
669 3.287343e-01 7.224768e-01 -3.810000e+00
670 3.213721e-01 7.257817e-01 -3.810000e+00
671 3.139766e-01 7.290115e-01 -3.810000e+00
672 3.065487e-01 7.321659e-01 -3.810000e+00
673 2.990890e-01 7.352448e-01 -3.810000e+00
674 2.915985e-01 7.382475e-01 -3.810000e+00
675 2.840778e-01 7.411740e-01 -3.810000e+00
676 2.765278e-01 7.440238e-01 -3.810000e+00
677 2.689492e-01 7.467968e-01 -3.810000e+00
678 2.613427e-01 7.494925e-01 -3.810000e+00
679 2.537093e-01 7.521108e-01 -3.810000e+00
680 2.460496e-01 7.546514e-01 -3.810000e+00
681 2.383645e-01 7.571139e-01 -3.810000e+00
682 2.306548e-01 7.594981e-01 -3.810000e+00
683 2.229212e-01 7.618039e-01 -3.810000e+00
684 2.151646e-01 7.640309e-01 -3.810000e+00
685 2.073857e-01 7.661790e-01 -3.810000e+00
686 1.995854e-01 7.682478e-01 -3.810000e+00
687 1.917645e-01 7.702373e-01 -3.810000e+00
688 1.839237e-01 7.721471e-01 -3.810000e+00
689 1.760640e-01 7.739771e-01 -3.810000e+00
690 1.681860e-01 7.757271e-01 -3.810000e+00
691 1.602907e-01 7.773969e-01 -3.810000e+00
692 1.523787e-01 7.789864e-01 -3.810000e+00
693 1.444511e-01 7.804953e-01 -3.810000e+00
694 1.365085e-01 7.819236e-01 -3.810000e+00
695 1.285518e-01 7.832710e-01 -3.810000e+00
696 1.205818e-01 7.845375e-01 -3.810000e+00
697 1.125993e-01 7.857229e-01 -3.810000e+00
698 1.046052e-01 7.868270e-01 -3.810000e+00
699 9.660029e-02 7.878499e-01 -3.810000e+00
700 8.858539e-02 7.887913e-01 -3.810000e+00
701 8.056134e-02 7.896512e-01 -3.810000e+00
702 7.252896e-02 7.904294e-01 -3.810000e+00
703 6.448908e-02 7.911259e-01 -3.810000e+00
704 5.644253e-02 7.917407e-01 -3.810000e+00
705 4.839015e-02 7.922736e-01 -3.810000e+00
706 4.033277e-02 7.927246e-01 -3.810000e+00
707 3.227122e-02 7.930937e-01 -3.810000e+00
708 2.420633e-02 7.933808e-01 -3.810000e+00
709 1.613895e-02 7.935859e-01 -3.810000e+00
710 8.069891e-03 7.937090e-01 -3.810000e+00
711 2.430158e-16 7.937500e-01 -3.810000e+00
712 7.782017e-01 -1.563367e-01 -3.810000e+00
713 7.765720e-01 -1.642404e-01 -3.810000e+00
714 7.748621e-01 -1.721272e-01 -3.810000e+00
715 7.730721e-01 -1.799962e-01 -3.810000e+00
716 7.712021e-01 -1.878465e-01 -3.810000e+00
717 7.692525e-01 -1.956775e-01 -3.810000e+00
718 7.672233e-01 -2.034882e-01 -3.810000e+00
719 7.651148e-01 -2.112779e-01 -3.810000e+00
720 7.629273e-01 -2.190457e-01 -3.810000e+00
721 7.606609e-01 -2.267909e-01 -3.810000e+00
722 7.583158e-01 -2.345127e-01 -3.810000e+00
723 7.558924e-01 -2.422102e-01 -3.810000e+00
724 7.533908e-01 -2.498827e-01 -3.810000e+00
725 7.508113e-01 -2.575293e-01 -3.810000e+00
726 7.481543e-01 -2.651494e-01 -3.810000e+00
727 7.454199e-01 -2.727420e-01 -3.810000e+00
728 7.426085e-01 -2.803064e-01 -3.810000e+00
729 7.397203e-01 -2.878419e-01 -3.810000e+00
730 7.367556e-01 -2.953476e-01 -3.810000e+00
731 7.337148e-01 -3.028228e-01 -3.810000e+00
732 7.305982e-01 -3.102666e-01 -3.810000e+00
733 7.274060e-01 -3.176785e-01 -3.810000e+00
734 7.241386e-01 -3.250574e-01 -3.810000e+00
735 7.207964e-01 -3.324028e-01 -3.810000e+00
736 7.173797e-01 -3.397138e-01 -3.810000e+00
737 7.138888e-01 -3.469897e-01 -3.810000e+00
738 7.103242e-01 -3.542297e-01 -3.810000e+00
739 7.066860e-01 -3.614331e-01 -3.810000e+00
740 7.029749e-01 -3.685991e-01 -3.810000e+00
741 6.991911e-01 -3.757271e-01 -3.810000e+00
742 6.953350e-01 -3.828162e-01 -3.810000e+00
743 6.914071e-01 -3.898658e-01 -3.810000e+00
744 6.874077e-01 -3.968750e-01 -3.810000e+00
745 6.833372e-01 -4.038432e-01 -3.810000e+00
746 6.791961e-01 -4.107697e-01 -3.810000e+00
747 6.749848e-01 -4.176537e-01 -3.810000e+00
748 6.707037e-01 -4.244946e-01 -3.810000e+00
749 6.663533e-01 -4.312915e-01 -3.810000e+00
750 6.619340e-01 -4.380439e-01 -3.810000e+00
751 6.574463e-01 -4.447510e-01 -3.810000e+00
752 6.528906e-01 -4.514121e-01 -3.810000e+00
753 6.482674e-01 -4.580266e-01 -3.810000e+00
754 6.435773e-01 -4.645937e-01 -3.810000e+00
755 6.388206e-01 -4.711128e-01 -3.810000e+00
756 6.339979e-01 -4.775833e-01 -3.810000e+00
757 6.291096e-01 -4.840043e-01 -3.810000e+00
758 6.241564e-01 -4.903753e-01 -3.810000e+00
759 6.191385e-01 -4.966956e-01 -3.810000e+00
760 6.140567e-01 -5.029646e-01 -3.810000e+00
761 6.089115e-01 -5.091816e-01 -3.810000e+00
762 6.037033e-01 -5.153459e-01 -3.810000e+00
763 5.984326e-01 -5.214571e-01 -3.810000e+00
764 5.931001e-01 -5.275142e-01 -3.810000e+00
765 5.877064e-01 -5.335169e-01 -3.810000e+00
766 5.822518e-01 -5.394644e-01 -3.810000e+00
767 5.767371e-01 -5.453562e-01 -3.810000e+00
768 5.711628e-01 -5.511916e-01 -3.810000e+00
769 5.655294e-01 -5.569699e-01 -3.810000e+00
770 5.598376e-01 -5.626908e-01 -3.810000e+00
771 5.540879e-01 -5.683535e-01 -3.810000e+00
772 5.482810e-01 -5.739574e-01 -3.810000e+00
773 5.424173e-01 -5.795020e-01 -3.810000e+00
774 5.364976e-01 -5.849867e-01 -3.810000e+00
775 5.305224e-01 -5.904109e-01 -3.810000e+00
776 5.244924e-01 -5.957741e-01 -3.810000e+00
777 5.184082e-01 -6.010757e-01 -3.810000e+00
778 5.122704e-01 -6.063152e-01 -3.810000e+00
779 5.060796e-01 -6.114920e-01 -3.810000e+00
780 4.998366e-01 -6.166056e-01 -3.810000e+00
781 4.935418e-01 -6.216555e-01 -3.810000e+00
782 4.871961e-01 -6.266411e-01 -3.810000e+00
783 4.808000e-01 -6.315619e-01 -3.810000e+00
784 4.743542e-01 -6.364174e-01 -3.810000e+00
785 4.678593e-01 -6.412072e-01 -3.810000e+00
786 4.613161e-01 -6.459307e-01 -3.810000e+00
787 4.547253e-01 -6.505874e-01 -3.810000e+00
788 4.480874e-01 -6.551769e-01 -3.810000e+00
789 4.414032e-01 -6.596987e-01 -3.810000e+00
790 4.346733e-01 -6.641522e-01 -3.810000e+00
791 4.278986e-01 -6.685371e-01 -3.810000e+00
792 4.210796e-01 -6.728529e-01 -3.810000e+00
793 4.142171e-01 -6.770992e-01 -3.810000e+00
794 4.073117e-01 -6.812754e-01 -3.810000e+00
795 4.003643e-01 -6.853813e-01 -3.810000e+00
796 3.933755e-01 -6.894163e-01 -3.810000e+00
797 3.863460e-01 -6.933800e-01 -3.810000e+00
798 3.792766e-01 -6.972721e-01 -3.810000e+00
799 3.721679e-01 -7.010921e-01 -3.810000e+00
800 3.650208e-01 -7.048396e-01 -3.810000e+00
801 3.578360e-01 -7.085143e-01 -3.810000e+00
802 3.506142e-01 -7.121156e-01 -3.810000e+00
803 3.433562e-01 -7.156435e-01 -3.810000e+00
804 3.360626e-01 -7.190973e-01 -3.810000e+00
805 3.287343e-01 -7.224768e-01 -3.810000e+00
806 3.213721e-01 -7.257817e-01 -3.810000e+00
807 3.139766e-01 -7.290115e-01 -3.810000e+00
808 3.065487e-01 -7.321659e-01 -3.810000e+00
809 2.990890e-01 -7.352448e-01 -3.810000e+00
810 2.915985e-01 -7.382475e-01 -3.810000e+00
811 2.840778e-01 -7.411740e-01 -3.810000e+00
812 2.765278e-01 -7.440238e-01 -3.810000e+00
813 2.689492e-01 -7.467968e-01 -3.810000e+00
814 2.613427e-01 -7.494925e-01 -3.810000e+00
815 2.537093e-01 -7.521108e-01 -3.810000e+00
816 2.460496e-01 -7.546514e-01 -3.810000e+00
817 2.383645e-01 -7.571139e-01 -3.810000e+00
818 2.306548e-01 -7.594981e-01 -3.810000e+00
819 2.229212e-01 -7.618039e-01 -3.810000e+00
820 2.151646e-01 -7.640309e-01 -3.810000e+00
821 2.073857e-01 -7.661790e-01 -3.810000e+00
822 1.995854e-01 -7.682478e-01 -3.810000e+00
823 1.917645e-01 -7.702373e-01 -3.810000e+00
824 1.839237e-01 -7.721471e-01 -3.810000e+00
825 1.760640e-01 -7.739771e-01 -3.810000e+00
826 1.681860e-01 -7.757271e-01 -3.810000e+00
827 1.602907e-01 -7.773969e-01 -3.810000e+00
828 1.523787e-01 -7.789864e-01 -3.810000e+00
829 1.444511e-01 -7.804953e-01 -3.810000e+00
830 1.365085e-01 -7.819236e-01 -3.810000e+00
831 1.285518e-01 -7.832710e-01 -3.810000e+00
832 1.205818e-01 -7.845375e-01 -3.810000e+00
833 1.125993e-01 -7.857229e-01 -3.810000e+00
834 1.046052e-01 -7.868270e-01 -3.810000e+00
835 9.660029e-02 -7.878499e-01 -3.810000e+00
836 8.858539e-02 -7.887913e-01 -3.810000e+00
837 8.056134e-02 -7.896512e-01 -3.810000e+00
838 7.252896e-02 -7.904294e-01 -3.810000e+00
839 6.448908e-02 -7.911259e-01 -3.810000e+00
840 3.650208e-01 7.048396e-01 -3.810000e+00
841 3.721679e-01 7.010921e-01 -3.810000e+00
842 3.792766e-01 6.972721e-01 -3.810000e+00
843 3.863460e-01 6.933800e-01 -3.810000e+00
844 3.933755e-01 6.894163e-01 -3.810000e+00
845 4.003643e-01 6.853813e-01 -3.810000e+00
846 4.073117e-01 6.812754e-01 -3.810000e+00
847 4.142171e-01 6.770992e-01 -3.810000e+00
848 4.210796e-01 6.728529e-01 -3.810000e+00
849 4.278986e-01 6.685371e-01 -3.810000e+00
850 4.346733e-01 6.641522e-01 -3.810000e+00
851 4.414032e-01 6.596987e-01 -3.810000e+00
852 4.480874e-01 6.551769e-01 -3.810000e+00
853 4.547253e-01 6.505874e-01 -3.810000e+00
854 4.613161e-01 6.459307e-01 -3.810000e+00
855 4.678593e-01 6.412072e-01 -3.810000e+00
856 4.743542e-01 6.364174e-01 -3.810000e+00
857 4.808000e-01 6.315619e-01 -3.810000e+00
858 4.871961e-01 6.266411e-01 -3.810000e+00
859 4.935418e-01 6.216555e-01 -3.810000e+00
860 4.998366e-01 6.166056e-01 -3.810000e+00
861 5.060796e-01 6.114920e-01 -3.810000e+00
862 5.122704e-01 6.063152e-01 -3.810000e+00
863 5.184082e-01 6.010757e-01 -3.810000e+00
864 5.244924e-01 5.957741e-01 -3.810000e+00
865 5.305224e-01 5.904109e-01 -3.810000e+00
866 5.364976e-01 5.849867e-01 -3.810000e+00
867 5.424173e-01 5.795020e-01 -3.810000e+00
868 5.482810e-01 5.739574e-01 -3.810000e+00
869 5.540879e-01 5.683535e-01 -3.810000e+00
870 5.598376e-01 5.626908e-01 -3.810000e+00
871 5.655294e-01 5.569699e-01 -3.810000e+00
872 5.711628e-01 5.511916e-01 -3.810000e+00
873 5.767371e-01 5.453562e-01 -3.810000e+00
874 5.822518e-01 5.394644e-01 -3.810000e+00
875 5.877064e-01 5.335169e-01 -3.810000e+00
876 5.931001e-01 5.275142e-01 -3.810000e+00
877 5.984326e-01 5.214571e-01 -3.810000e+00
878 6.037033e-01 5.153459e-01 -3.810000e+00
879 6.089115e-01 5.091816e-01 -3.810000e+00
880 6.140567e-01 5.029646e-01 -3.810000e+00
881 6.191385e-01 4.966956e-01 -3.810000e+00
882 6.241564e-01 4.903753e-01 -3.810000e+00
883 6.291096e-01 4.840043e-01 -3.810000e+00
884 6.339979e-01 4.775833e-01 -3.810000e+00
885 6.388206e-01 4.711128e-01 -3.810000e+00
886 6.435773e-01 4.645937e-01 -3.810000e+00
887 6.482674e-01 4.580266e-01 -3.810000e+00
888 6.528906e-01 4.514121e-01 -3.810000e+00
889 6.574463e-01 4.447510e-01 -3.810000e+00
890 6.619340e-01 4.380439e-01 -3.810000e+00
891 6.663533e-01 4.312915e-01 -3.810000e+00
892 6.707037e-01 4.244946e-01 -3.810000e+00
893 6.749848e-01 4.176537e-01 -3.810000e+00
894 6.791961e-01 4.107697e-01 -3.810000e+00
895 6.833372e-01 4.038432e-01 -3.810000e+00
896 6.874077e-01 3.968750e-01 -3.810000e+00
897 6.914071e-01 3.898658e-01 -3.810000e+00
898 6.953350e-01 3.828162e-01 -3.810000e+00
899 6.991911e-01 3.757271e-01 -3.810000e+00
900 7.029749e-01 3.685991e-01 -3.810000e+00
901 7.066860e-01 3.614331e-01 -3.810000e+00
902 7.103242e-01 3.542297e-01 -3.810000e+00
903 7.138888e-01 3.469897e-01 -3.810000e+00
904 7.173797e-01 3.397138e-01 -3.810000e+00
905 7.207964e-01 3.324028e-01 -3.810000e+00
906 7.241386e-01 3.250574e-01 -3.810000e+00
907 7.274060e-01 3.176785e-01 -3.810000e+00
908 7.305982e-01 3.102666e-01 -3.810000e+00
909 7.337148e-01 3.028228e-01 -3.810000e+00
910 7.367556e-01 2.953476e-01 -3.810000e+00
911 7.397203e-01 2.878419e-01 -3.810000e+00
912 7.426085e-01 2.803064e-01 -3.810000e+00
913 7.454199e-01 2.727420e-01 -3.810000e+00
914 7.481543e-01 2.651494e-01 -3.810000e+00
915 7.508113e-01 2.575293e-01 -3.810000e+00
916 7.533908e-01 2.498827e-01 -3.810000e+00
917 7.558924e-01 2.422102e-01 -3.810000e+00
918 7.583158e-01 2.345127e-01 -3.810000e+00
919 7.606609e-01 2.267909e-01 -3.810000e+00
920 7.629273e-01 2.190457e-01 -3.810000e+00
921 7.651148e-01 2.112779e-01 -3.810000e+00
922 7.672233e-01 2.034882e-01 -3.810000e+00
923 7.692525e-01 1.956775e-01 -3.810000e+00
924 7.712021e-01 1.878465e-01 -3.810000e+00
925 7.730721e-01 1.799962e-01 -3.810000e+00
926 7.748621e-01 1.721272e-01 -3.810000e+00
927 7.765720e-01 1.642404e-01 -3.810000e+00
928 7.782017e-01 1.563367e-01 -3.810000e+00
929 7.797509e-01 1.484168e-01 -3.810000e+00
930 7.812195e-01 1.404816e-01 -3.810000e+00
931 7.826074e-01 1.325318e-01 -3.810000e+00
932 7.839144e-01 1.245684e-01 -3.810000e+00
933 7.851403e-01 1.165920e-01 -3.810000e+00
934 7.862851e-01 1.086037e-01 -3.810000e+00
935 7.873486e-01 1.006040e-01 -3.810000e+00
936 7.883308e-01 9.259404e-02 -3.810000e+00
937 7.892314e-01 8.457446e-02 -3.810000e+00
938 7.900504e-01 7.654614e-02 -3.810000e+00
939 7.907879e-01 6.850990e-02 -3.810000e+00
940 7.914435e-01 6.046659e-02 -3.810000e+00
941 7.920174e-01 5.241702e-02 -3.810000e+00
942 7.925094e-01 4.436203e-02 -3.810000e+00
943 7.929194e-01 3.630247e-02 -3.810000e+00
944 7.932475e-01 2.823914e-02 -3.810000e+00
945 7.934936e-01 2.017290e-02 -3.810000e+00
946 7.936577e-01 1.210458e-02 -3.810000e+00
947 7.937397e-01 4.034997e-03 -3.810000e+00
948 7.937397e-01 -4.034997e-03 -3.810000e+00
949 7.936577e-01 -1.210458e-02 -3.810000e+00
950 7.934936e-01 -2.017290e-02 -3.810000e+00
951 7.932475e-01 -2.823914e-02 -3.810000e+00
952 7.929194e-01 -3.630247e-02 -3.810000e+00
953 7.925094e-01 -4.436203e-02 -3.810000e+00
954 7.920174e-01 -5.241702e-02 -3.810000e+00
955 7.914435e-01 -6.046659e-02 -3.810000e+00
956 7.907879e-01 -6.850990e-02 -3.810000e+00
957 7.900504e-01 -7.654614e-02 -3.810000e+00
958 7.892314e-01 -8.457446e-02 -3.810000e+00
959 7.883308e-01 -9.259404e-02 -3.810000e+00
960 7.873486e-01 -1.006040e-01 -3.810000e+00
961 7.862851e-01 -1.086037e-01 -3.810000e+00
962 7.851403e-01 -1.165920e-01 -3.810000e+00
963 7.839144e-01 -1.245684e-01 -3.810000e+00
964 7.826074e-01 -1.325318e-01 -3.810000e+00
965 7.812195e-01 -1.404816e-01 -3.810000e+00
966 7.797509e-01 -1.484168e-01 -3.810000e+00
967 -1.458095e-16 -7.937500e-01 -5.397500e+00
968 8.069891e-03 -7.937090e-01 -5.397500e+00
969 1.613895e-02 -7.935859e-01 -5.397500e+00
970 2.420633e-02 -7.933808e-01 -5.397500e+00
971 3.227122e-02 -7.930937e-01 -5.397500e+00
972 4.033277e-02 -7.927246e-01 -5.397500e+00
973 4.839015e-02 -7.922736e-01 -5.397500e+00
974 5.644253e-02 -7.917407e-01 -5.397500e+00
975 6.448908e-02 -7.911259e-01 -5.397500e+00
976 7.252896e-02 -7.904294e-01 -5.397500e+00
977 8.056134e-02 -7.896512e-01 -5.397500e+00
978 8.858539e-02 -7.887913e-01 -5.397500e+00
979 9.660029e-02 -7.878499e-01 -5.397500e+00
980 1.046052e-01 -7.868270e-01 -5.397500e+00
981 1.125993e-01 -7.857229e-01 -5.397500e+00
982 1.205818e-01 -7.845375e-01 -5.397500e+00
983 1.285518e-01 -7.832710e-01 -5.397500e+00
984 1.365085e-01 -7.819236e-01 -5.397500e+00
985 1.444511e-01 -7.804953e-01 -5.397500e+00
986 1.523787e-01 -7.789864e-01 -5.397500e+00
987 1.602907e-01 -7.773969e-01 -5.397500e+00
988 1.681860e-01 -7.757271e-01 -5.397500e+00
989 1.760640e-01 -7.739771e-01 -5.397500e+00
990 1.839237e-01 -7.721471e-01 -5.397500e+00
991 1.917645e-01 -7.702373e-01 -5.397500e+00
992 1.995854e-01 -7.682478e-01 -5.397500e+00
993 2.073857e-01 -7.661790e-01 -5.397500e+00
994 2.151646e-01 -7.640309e-01 -5.397500e+00
995 2.229212e-01 -7.618039e-01 -5.397500e+00
996 2.306548e-01 -7.594981e-01 -5.397500e+00
997 2.383645e-01 -7.571139e-01 -5.397500e+00
998 2.460496e-01 -7.546514e-01 -5.397500e+00
999 2.537093e-01 -7.521108e-01 -5.397500e+00
1000 2.613427e-01 -7.494925e-01 -5.397500e+00
1001 2.689492e-01 -7.467968e-01 -5.397500e+00
1002 2.765278e-01 -7.440238e-01 -5.397500e+00
1003 2.840778e-01 -7.411740e-01 -5.397500e+00
1004 2.915985e-01 -7.382475e-01 -5.397500e+00
1005 2.990890e-01 -7.352448e-01 -5.397500e+00
1006 3.065487e-01 -7.321659e-01 -5.397500e+00
1007 3.139766e-01 -7.290115e-01 -5.397500e+00
1008 3.213721e-01 -7.257817e-01 -5.397500e+00
1009 3.287343e-01 -7.224768e-01 -5.397500e+00
1010 3.360626e-01 -7.190973e-01 -5.397500e+00
1011 3.433562e-01 -7.156435e-01 -5.397500e+00
1012 3.506142e-01 -7.121156e-01 -5.397500e+00
1013 3.578360e-01 -7.085143e-01 -5.397500e+00
1014 3.650208e-01 -7.048396e-01 -5.397500e+00
1015 3.721679e-01 -7.010921e-01 -5.397500e+00
1016 3.792766e-01 -6.972721e-01 -5.397500e+00
1017 3.863460e-01 -6.933800e-01 -5.397500e+00
1018 3.933755e-01 -6.894163e-01 -5.397500e+00
1019 4.003643e-01 -6.853813e-01 -5.397500e+00
1020 4.073117e-01 -6.812754e-01 -5.397500e+00
1021 7.651148e-01 2.112779e-01 -5.397500e+00
1022 7.672233e-01 2.034882e-01 -5.397500e+00
1023 7.692525e-01 1.956775e-01 -5.397500e+00
1024 7.712021e-01 1.878465e-01 -5.397500e+00
1025 7.730721e-01 1.799962e-01 -5.397500e+00
1026 7.748621e-01 1.721272e-01 -5.397500e+00
1027 7.765720e-01 1.642404e-01 -5.397500e+00
1028 7.782017e-01 1.563367e-01 -5.397500e+00
1029 7.797509e-01 1.484168e-01 -5.397500e+00
1030 7.812195e-01 1.404816e-01 -5.397500e+00
1031 7.826074e-01 1.325318e-01 -5.397500e+00
1032 7.839144e-01 1.245684e-01 -5.397500e+00
1033 7.851403e-01 1.165920e-01 -5.397500e+00
1034 7.862851e-01 1.086037e-01 -5.397500e+00
1035 7.873486e-01 1.006040e-01 -5.397500e+00
1036 7.883308e-01 9.259404e-02 -5.397500e+00
1037 7.892314e-01 8.457446e-02 -5.397500e+00
1038 7.900504e-01 7.654614e-02 -5.397500e+00
1039 7.907879e-01 6.850990e-02 -5.397500e+00
1040 7.914435e-01 6.046659e-02 -5.397500e+00
1041 7.920174e-01 5.241702e-02 -5.397500e+00
1042 7.925094e-01 4.436203e-02 -5.397500e+00
1043 7.929194e-01 3.630247e-02 -5.397500e+00
1044 7.932475e-01 2.823914e-02 -5.397500e+00
1045 7.934936e-01 2.017290e-02 -5.397500e+00
1046 7.936577e-01 1.210458e-02 -5.397500e+00
1047 7.937397e-01 4.034997e-03 -5.397500e+00
1048 7.937397e-01 -4.034997e-03 -5.397500e+00
1049 7.936577e-01 -1.210458e-02 -5.397500e+00
1050 7.934936e-01 -2.017290e-02 -5.397500e+00
1051 7.932475e-01 -2.823914e-02 -5.397500e+00
1052 7.929194e-01 -3.630247e-02 -5.397500e+00
1053 7.925094e-01 -4.436203e-02 -5.397500e+00
1054 7.920174e-01 -5.241702e-02 -5.397500e+00
1055 7.914435e-01 -6.046659e-02 -5.397500e+00
1056 7.907879e-01 -6.850990e-02 -5.397500e+00
1057 7.900504e-01 -7.654614e-02 -5.397500e+00
1058 7.892314e-01 -8.457446e-02 -5.397500e+00
1059 7.883308e-01 -9.259404e-02 -5.397500e+00
1060 7.873486e-01 -1.006040e-01 -5.397500e+00
1061 7.862851e-01 -1.086037e-01 -5.397500e+00
1062 7.851403e-01 -1.165920e-01 -5.397500e+00
1063 7.839144e-01 -1.245684e-01 -5.397500e+00
1064 7.826074e-01 -1.325318e-01 -5.397500e+00
1065 7.812195e-01 -1.404816e-01 -5.397500e+00
1066 7.797509e-01 -1.484168e-01 -5.397500e+00
1067 7.782017e-01 -1.563367e-01 -5.397500e+00
1068 7.765720e-01 -1.642404e-01 -5.397500e+00
1069 7.748621e-01 -1.721272e-01 -5.397500e+00
1070 7.730721e-01 -1.799962e-01 -5.397500e+00
1071 7.712021e-01 -1.878465e-01 -5.397500e+00
1072 7.692525e-01 -1.956775e-01 -5.397500e+00
1073 7.672233e-01 -2.034882e-01 -5.397500e+00
1074 7.651148e-01 -2.112779e-01 -5.397500e+00
1075 7.629273e-01 -2.190457e-01 -5.397500e+00
1076 7.606609e-01 -2.267909e-01 -5.397500e+00
1077 7.583158e-01 -2.345127e-01 -5.397500e+00
1078 7.558924e-01 -2.422102e-01 -5.397500e+00
1079 7.533908e-01 -2.498827e-01 -5.397500e+00
1080 7.508113e-01 -2.575293e-01 -5.397500e+00
1081 7.481543e-01 -2.651494e-01 -5.397500e+00
1082 7.454199e-01 -2.727420e-01 -5.397500e+00
1083 7.426085e-01 -2.803064e-01 -5.397500e+00
1084 7.397203e-01 -2.878419e-01 -5.397500e+00
1085 7.367556e-01 -2.953476e-01 -5.397500e+00
1086 7.337148e-01 -3.028228e-01 -5.397500e+00
1087 7.305982e-01 -3.102666e-01 -5.397500e+00
1088 7.274060e-01 -3.176785e-01 -5.397500e+00
1089 7.241386e-01 -3.250574e-01 -5.397500e+00
1090 7.207964e-01 -3.324028e-01 -5.397500e+00
1091 7.173797e-01 -3.397138e-01 -5.397500e+00
1092 7.138888e-01 -3.469897e-01 -5.397500e+00
1093 7.103242e-01 -3.542297e-01 -5.397500e+00
1094 7.066860e-01 -3.614331e-01 -5.397500e+00
1095 7.029749e-01 -3.685991e-01 -5.397500e+00
1096 6.991911e-01 -3.757271e-01 -5.397500e+00
1097 6.953350e-01 -3.828162e-01 -5.397500e+00
1098 6.914071e-01 -3.898658e-01 -5.397500e+00
1099 6.874077e-01 -3.968750e-01 -5.397500e+00
1100 6.833372e-01 -4.038432e-01 -5.397500e+00
1101 6.791961e-01 -4.107697e-01 -5.397500e+00
1102 6.749848e-01 -4.176537e-01 -5.397500e+00
1103 6.707037e-01 -4.244946e-01 -5.397500e+00
1104 6.663533e-01 -4.312915e-01 -5.397500e+00
1105 6.619340e-01 -4.380439e-01 -5.397500e+00
1106 6.574463e-01 -4.447510e-01 -5.397500e+00
1107 6.528906e-01 -4.514121e-01 -5.397500e+00
1108 6.482674e-01 -4.580266e-01 -5.397500e+00
1109 6.435773e-01 -4.645937e-01 -5.397500e+00
1110 6.388206e-01 -4.711128e-01 -5.397500e+00
1111 6.339979e-01 -4.775833e-01 -5.397500e+00
1112 6.291096e-01 -4.840043e-01 -5.397500e+00
1113 6.241564e-01 -4.903753e-01 -5.397500e+00
1114 6.191385e-01 -4.966956e-01 -5.397500e+00
1115 6.140567e-01 -5.029646e-01 -5.397500e+00
1116 6.089115e-01 -5.091816e-01 -5.397500e+00
1117 6.037033e-01 -5.153459e-01 -5.397500e+00
1118 5.984326e-01 -5.214571e-01 -5.397500e+00
1119 5.931001e-01 -5.275142e-01 -5.397500e+00
1120 5.877064e-01 -5.335169e-01 -5.397500e+00
1121 5.822518e-01 -5.394644e-01 -5.397500e+00
1122 5.767371e-01 -5.453562e-01 -5.397500e+00
1123 5.711628e-01 -5.511916e-01 -5.397500e+00
1124 5.655294e-01 -5.569699e-01 -5.397500e+00
1125 5.598376e-01 -5.626908e-01 -5.397500e+00
1126 5.540879e-01 -5.683535e-01 -5.397500e+00
1127 5.482810e-01 -5.739574e-01 -5.397500e+00
1128 5.424173e-01 -5.795020e-01 -5.397500e+00
1129 5.364976e-01 -5.849867e-01 -5.397500e+00
1130 5.305224e-01 -5.904109e-01 -5.397500e+00
1131 5.244924e-01 -5.957741e-01 -5.397500e+00
1132 5.184082e-01 -6.010757e-01 -5.397500e+00
1133 5.122704e-01 -6.063152e-01 -5.397500e+00
1134 5.060796e-01 -6.114920e-01 -5.397500e+00
1135 4.998366e-01 -6.166056e-01 -5.397500e+00
1136 4.935418e-01 -6.216555e-01 -5.397500e+00
1137 4.871961e-01 -6.266411e-01 -5.397500e+00
1138 4.808000e-01 -6.315619e-01 -5.397500e+00
1139 4.743542e-01 -6.364174e-01 -5.397500e+00
1140 4.678593e-01 -6.412072e-01 -5.397500e+00
1141 4.613161e-01 -6.459307e-01 -5.397500e+00
1142 4.547253e-01 -6.505874e-01 -5.397500e+00
1143 4.480874e-01 -6.551769e-01 -5.397500e+00
1144 4.414032e-01 -6.596987e-01 -5.397500e+00
1145 4.346733e-01 -6.641522e-01 -5.397500e+00
1146 4.278986e-01 -6.685371e-01 -5.397500e+00
1147 4.210796e-01 -6.728529e-01 -5.397500e+00
1148 4.142171e-01 -6.770992e-01 -5.397500e+00
1149 2.430158e-16 7.937500e-01 -5.397500e+00
1150 8.069891e-03 7.937090e-01 -5.397500e+00
1151 1.613895e-02 7.935859e-01 -5.397500e+00
1152 2.420633e-02 7.933808e-01 -5.397500e+00
1153 3.227122e-02 7.930937e-01 -5.397500e+00
1154 4.033277e-02 7.927246e-01 -5.397500e+00
1155 4.839015e-02 7.922736e-01 -5.397500e+00
1156 5.644253e-02 7.917407e-01 -5.397500e+00
1157 6.448908e-02 7.911259e-01 -5.397500e+00
1158 7.252896e-02 7.904294e-01 -5.397500e+00
1159 8.056134e-02 7.896512e-01 -5.397500e+00
1160 8.858539e-02 7.887913e-01 -5.397500e+00
1161 9.660029e-02 7.878499e-01 -5.397500e+00
1162 1.046052e-01 7.868270e-01 -5.397500e+00
1163 1.125993e-01 7.857229e-01 -5.397500e+00
1164 1.205818e-01 7.845375e-01 -5.397500e+00
1165 1.285518e-01 7.832710e-01 -5.397500e+00
1166 1.365085e-01 7.819236e-01 -5.397500e+00
1167 1.444511e-01 7.804953e-01 -5.397500e+00
1168 1.523787e-01 7.789864e-01 -5.397500e+00
1169 1.602907e-01 7.773969e-01 -5.397500e+00
1170 1.681860e-01 7.757271e-01 -5.397500e+00
1171 1.760640e-01 7.739771e-01 -5.397500e+00
1172 1.839237e-01 7.721471e-01 -5.397500e+00
1173 1.917645e-01 7.702373e-01 -5.397500e+00
1174 1.995854e-01 7.682478e-01 -5.397500e+00
1175 2.073857e-01 7.661790e-01 -5.397500e+00
1176 2.151646e-01 7.640309e-01 -5.397500e+00
1177 2.229212e-01 7.618039e-01 -5.397500e+00
1178 2.306548e-01 7.594981e-01 -5.397500e+00
1179 2.383645e-01 7.571139e-01 -5.397500e+00
1180 2.460496e-01 7.546514e-01 -5.397500e+00
1181 2.537093e-01 7.521108e-01 -5.397500e+00
1182 2.613427e-01 7.494925e-01 -5.397500e+00
1183 2.689492e-01 7.467968e-01 -5.397500e+00
1184 2.765278e-01 7.440238e-01 -5.397500e+00
1185 2.840778e-01 7.411740e-01 -5.397500e+00
1186 2.915985e-01 7.382475e-01 -5.397500e+00
1187 2.990890e-01 7.352448e-01 -5.397500e+00
1188 3.065487e-01 7.321659e-01 -5.397500e+00
1189 3.139766e-01 7.290115e-01 -5.397500e+00
1190 3.213721e-01 7.257817e-01 -5.397500e+00
1191 3.287343e-01 7.224768e-01 -5.397500e+00
1192 3.360626e-01 7.190973e-01 -5.397500e+00
1193 3.433562e-01 7.156435e-01 -5.397500e+00
1194 3.506142e-01 7.121156e-01 -5.397500e+00
1195 3.578360e-01 7.085143e-01 -5.397500e+00
1196 3.650208e-01 7.048396e-01 -5.397500e+00
1197 3.721679e-01 7.010921e-01 -5.397500e+00
1198 3.792766e-01 6.972721e-01 -5.397500e+00
1199 3.863460e-01 6.933800e-01 -5.397500e+00
1200 3.933755e-01 6.894163e-01 -5.397500e+00
1201 4.003643e-01 6.853813e-01 -5.397500e+00
1202 4.073117e-01 6.812754e-01 -5.397500e+00
1203 4.142171e-01 6.770992e-01 -5.397500e+00
1204 4.210796e-01 6.728529e-01 -5.397500e+00
1205 4.278986e-01 6.685371e-01 -5.397500e+00
1206 4.346733e-01 6.641522e-01 -5.397500e+00
1207 4.414032e-01 6.596987e-01 -5.397500e+00
1208 4.480874e-01 6.551769e-01 -5.397500e+00
1209 4.547253e-01 6.505874e-01 -5.397500e+00
1210 4.613161e-01 6.459307e-01 -5.397500e+00
1211 4.678593e-01 6.412072e-01 -5.397500e+00
1212 4.743542e-01 6.364174e-01 -5.397500e+00
1213 4.808000e-01 6.315619e-01 -5.397500e+00
1214 4.871961e-01 6.266411e-01 -5.397500e+00
1215 4.935418e-01 6.216555e-01 -5.397500e+00
1216 4.998366e-01 6.166056e-01 -5.397500e+00
1217 5.060796e-01 6.114920e-01 -5.397500e+00
1218 5.122704e-01 6.063152e-01 -5.397500e+00
1219 5.184082e-01 6.010757e-01 -5.397500e+00
1220 5.244924e-01 5.957741e-01 -5.397500e+00
1221 5.305224e-01 5.904109e-01 -5.397500e+00
1222 5.364976e-01 5.849867e-01 -5.397500e+00
1223 5.424173e-01 5.795020e-01 -5.397500e+00
1224 5.482810e-01 5.739574e-01 -5.397500e+00
1225 5.540879e-01 5.683535e-01 -5.397500e+00
1226 5.598376e-01 5.626908e-01 -5.397500e+00
1227 5.655294e-01 5.569699e-01 -5.397500e+00
1228 5.711628e-01 5.511916e-01 -5.397500e+00
1229 5.767371e-01 5.453562e-01 -5.397500e+00
1230 5.822518e-01 5.394644e-01 -5.397500e+00
1231 5.877064e-01 5.335169e-01 -5.397500e+00
1232 5.931001e-01 5.275142e-01 -5.397500e+00
1233 5.984326e-01 5.214571e-01 -5.397500e+00
1234 6.037033e-01 5.153459e-01 -5.397500e+00
1235 6.089115e-01 5.091816e-01 -5.397500e+00
1236 6.140567e-01 5.029646e-01 -5.397500e+00
1237 6.191385e-01 4.966956e-01 -5.397500e+00
1238 6.241564e-01 4.903753e-01 -5.397500e+00
1239 6.291096e-01 4.840043e-01 -5.397500e+00
1240 6.339979e-01 4.775833e-01 -5.397500e+00
1241 6.388206e-01 4.711128e-01 -5.397500e+00
1242 6.435773e-01 4.645937e-01 -5.397500e+00
1243 6.482674e-01 4.580266e-01 -5.397500e+00
1244 6.528906e-01 4.514121e-01 -5.397500e+00
1245 6.574463e-01 4.447510e-01 -5.397500e+00
1246 6.619340e-01 4.380439e-01 -5.397500e+00
1247 6.663533e-01 4.312915e-01 -5.397500e+00
1248 6.707037e-01 4.244946e-01 -5.397500e+00
1249 6.749848e-01 4.176537e-01 -5.397500e+00
1250 6.791961e-01 4.107697e-01 -5.397500e+00
1251 6.833372e-01 4.038432e-01 -5.397500e+00
1252 6.874077e-01 3.968750e-01 -5.397500e+00
1253 6.914071e-01 3.898658e-01 -5.397500e+00
1254 6.953350e-01 3.828162e-01 -5.397500e+00
1255 6.991911e-01 3.757271e-01 -5.397500e+00
1256 7.029749e-01 3.685991e-01 -5.397500e+00
1257 7.066860e-01 3.614331e-01 -5.397500e+00
1258 7.103242e-01 3.542297e-01 -5.397500e+00
1259 7.138888e-01 3.469897e-01 -5.397500e+00
1260 7.173797e-01 3.397138e-01 -5.397500e+00
1261 7.207964e-01 3.324028e-01 -5.397500e+00
1262 7.241386e-01 3.250574e-01 -5.397500e+00
1263 7.274060e-01 3.176785e-01 -5.397500e+00
1264 7.305982e-01 3.102666e-01 -5.397500e+00
1265 7.337148e-01 3.028228e-01 -5.397500e+00
1266 7.367556e-01 2.953476e-01 -5.397500e+00
1267 7.397203e-01 2.878419e-01 -5.397500e+00
1268 7.426085e-01 2.803064e-01 -5.397500e+00
1269 7.454199e-01 2.727420e-01 -5.397500e+00
1270 7.481543e-01 2.651494e-01 -5.397500e+00
1271 7.508113e-01 2.575293e-01 -5.397500e+00
1272 7.533908e-01 2.498827e-01 -5.397500e+00
1273 7.558924e-01 2.422102e-01 -5.397500e+00
1274 7.583158e-01 2.345127e-01 -5.397500e+00
1275 7.606609e-01 2.267909e-01 -5.397500e+00
1276 7.629273e-01 2.190457e-01 -5.397500e+00


