0.000000e+00 1.000000e-04 0.000000e+00 0.000000e+00 1.000000e-04 5.000000e-05
 0.000000e+00 1.000000e-04 5.000000e-05 5.000000e-02 1.000000e-04 5.000000e-05
 2.430158e-16 7.937500e-01 -5.397500e+00 2.430158e-16 7.937500e-01 -3.810000e+00
 0.000000e+00 8.731250e-01 -3.810000e+00 8.876880e-03 8.730799e-01 -3.810000e+00
 -1.603905e-16 -8.731250e-01 -3.810000e+00 -1.458095e-16 -7.937500e-01 -3.810000e+00
 -1.387779e-17 -1.000000e-04 5.000000e-05 5.000000e-02 -1.000000e-04 5.000000e-05
 0.000000e+00 8.731250e-01 -5.715000e+00 0.000000e+00 8.731250e-01 -3.810000e+00
 5.000000e-02 1.000000e-04 0.000000e+00 0.000000e+00 1.000000e-04 0.000000e+00
 8.876880e-03 8.730799e-01 -5.715000e+00 0.000000e+00 8.731250e-01 -5.715000e+00
 -1.387779e-17 1.000000e-04 0.000000e+00 5.000000e-02 1.000000e-04 0.000000e+00
 -1.603905e-16 -8.731250e-01 -5.715000e+00 -1.603905e-16 -8.731250e-01 -3.810000e+00
 0.000000e+00 -7.937500e-01 -3.810000e+00 0.000000e+00 -8.731250e-01 -3.810000e+00
 5.000000e-02 -1.000000e-04 0.000000e+00 -1.387779e-17 -1.000000e-04 0.000000e+00
 2.673174e-16 8.731250e-01 -5.715000e+00 8.876880e-03 8.730799e-01 -5.715000e+00
 -1.458095e-16 -7.937500e-01 -5.397500e+00 2.430158e-16 7.937500e-01 -5.397500e+00
 2.673174e-16 8.731250e-01 -3.810000e+00 2.673174e-16 8.731250e-01 -5.715000e+00
 -1.387779e-17 -1.000000e-04 0.000000e+00 -1.387779e-17 -1.000000e-04 5.000000e-05
 0.000000e+00 8.731250e-01 -3.810000e+00 0.000000e+00 7.937500e-01 -3.810000e+00
 0.000000e+00 -8.731250e-01 -3.810000e+00 0.000000e+00 -8.731250e-01 -5.715000e+00
 5.000000e-02 -1.000000e-04 5.000000e-05 0.000000e+00 -1.000000e-04 5.000000e-05
 0.000000e+00 7.937500e-01 -3.810000e+00 0.000000e+00 7.937500e-01 -5.397500e+00
 0.000000e+00 -1.000000e-04 5.000000e-05 0.000000e+00 -1.000000e-04 0.000000e+00
 5.000000e-02 1.000000e-04 5.000000e-05 -1.387779e-17 1.000000e-04 5.000000e-05
 0.000000e+00 -7.937500e-01 -5.397500e+00 0.000000e+00 -7.937500e-01 -3.810000e+00
 -1.387779e-17 1.000000e-04 5.000000e-05 -1.387779e-17 1.000000e-04 0.000000e+00
 2.430158e-16 7.937500e-01 -3.810000e+00 0.000000e+00 8.731250e-01 -3.810000e+00
 8.876880e-03 -8.730799e-01 -5.715000e+00 -1.603905e-16 -8.731250e-01 -5.715000e+00
 -1.458095e-16 -7.937500e-01 -3.810000e+00 -1.458095e-16 -7.937500e-01 -5.397500e+00
 0.000000e+00 -8.731250e-01 -5.715000e+00 8.876880e-03 -8.730799e-01 -5.715000e+00
 0.000000e+00 -1.000000e-04 0.000000e+00 5.000000e-02 -1.000000e-04 0.000000e+00
 8.876880e-03 8.730799e-01 -3.810000e+00 2.673174e-16 8.731250e-01 -3.810000e+00
 0.000000e+00 7.937500e-01 -5.397500e+00 0.000000e+00 -7.937500e-01 -5.397500e+00
